43025
43348
42724
43266
42259
42647
43009
42343
42933
43352
43058
42262
42394
42255
43176
42103
42693
43311
42937
42834
42071
43237
42969
43324
43271
42712
43014
43160
42714
42273
42895
43259
42384
42506
42473
42045
42706
42346
43220
42370
43069
42512
42189
42880
42894
42435
42810
42279
42043
43011
43197
43198
43295
43296
43293
42603
42860
42048
43136
42889
42498
42258
42838
43042
42447
42350
42667
42971
42634
42081
43125
43161
42165
42782
42963
42964
42946
42183
42931
42450
42709
42812
43367
42795
42973
42105
43029
42414
42488
43048
43279
43278
42768
43260
43272
43233
42546
42589
42170
43321
42900
42403
43318
43329
42970
43194
43001
42587
42674
42391
43046
42295
42293
43230
42539
42111
42588
42890
42752
42107
42062
43301
43200
42962
42404
42811
42901
42914
42876
42731
43338
42364
42267
42471
42395
42372
43201
42947
42654
42299
43181
42591
42482
42407
42420
42871
43049
42379
43121
42026
42559
42178
42410
42361
42806
42524
42469
43087
42271
43109
43263
43227
42881
42131
43226
42763
42805
43364
43128
42623
42754
42308
42675
42979
43041
42348
42328
42975
42851
43012
42399
42056
42798
42799
42441
43071
42463
42898
42886
42339
42141
42423
43241
42618
43189
42296
43105
42066
42638
42076
43315
43253
42366
43377
43346
42137
43342
43225
42060
42054
43243
42980
42891
42832
42567
43137
42855
42849
42192
42978
43336
43353
43339
42527
42046
43157
42807
42809
42041
43228
43097
42452
43355
43358
43314
43320
42711
42031
43213
42270
42034
42726
43310
42369
42099
42100
42523
43185
43359
43360
43111
43168
42837
42715
42503
42925
43091
42065
42078
42776
43289
43284
43285
43060
42257
42514
43309
42413
43083
42803
42139
43369
42314
42187
43196
42540
42147
43057
43003
42112
42138
42387
43291
43037
43347
42867
42104
42143
43133
42631
43382
43021
43182
43212
42177
43187
42770
42921
42974
43245
42180
42181
42184
42182
42639
43081
42309
42467
42956
42730
43221
42468
43075
42767
42028
42298
43335
43376
43363
43192
42148
42976
43102
43207
43017
42220
42101
42492
42779
43356
42237
42966
42174
42830
43333
42474
43331
43354
43063
43067
43053
42500
42705
42044
43169
42502
42874
42872
42672
42557
42737
42948
43086
42701
42408
42661
43110
43045
43177
42574
42176
42793
42499
42671
42903
43325
42816
42883
43158
43113
42571
42453
42771
42266
43222
42516
42083
42084
43258
43229
42459
42577
42249
42619
42515
42106
43117
42882
42123
42027
42708
42377
42792
42079
42393
42840
42740
42710
43005
42217
42965
42114
42415
43330
43371
43372
43379
43357
42562
42317
43344
43275
43302
43277
42961
43361
43147
43317
42542
43076
42662
42679
42077
42748
42744
42283
43341
42915
42483
42479
43303
42909
43150
43149
42939
42935
42943
43340
